DROP TABLE IF EXISTS `myTable`;

CREATE TABLE `myTable` (
  `ID_OF_STAND` mediumint default NULL,
  `VISITOR_ID` mediumint default NULL,
) 
INSERT INTO `myTable` (`ID_OF_STAND`,`VISITOR_ID`)
VALUES
  (85789,475762001),
  (40297,976353942),
  (67416,936560790),
  (52648,273308859),
  (86667,487464674),
  (32190,926701206),
  (77453,749923804),
  (23590,569208812),
  (26933,143616873),
  (59568,484252612);
INSERT INTO `myTable` (`ID_OF_STAND`,`VISITOR_ID`)
VALUES
  (22807,682795945),
  (32190,322707961),
  (51670,735410057),
  (35355,333995672),
  (33026,356306882),
  (23716,444922107),
  (70927,887250990),
  (69151,525923210),
  (82916,731391146),
  (23606,427332258);
INSERT INTO `myTable` (`ID_OF_STAND`,`VISITOR_ID`)
VALUES
  (96869,128767189),
  (24261,695154772),
  (56173,896973753),
  (53233,326540000),
  (62278,657564659),
  (19016,902729409),
  (98416,614437234),
  (66202,228132897),
  (28133,924126206),
  (55906,232899841);
INSERT INTO `myTable` (`ID_OF_STAND`,`VISITOR_ID`)
VALUES
  (29268,901694675),
  (66893,704987683),
  (82874,144327417),
  (53253,334659515),
  (37805,279315998),
  (14661,171074158),
  (73579,277001824),
  (83252,913324202),
  (79613,600838233),
  (26216,337439751);
INSERT INTO `myTable` (`ID_OF_STAND`,`VISITOR_ID`)
VALUES
  (31059,522982859),
  (17237,319418894),
  (64952,668105067),
  (87645,296282907),
  (85815,809108167),
  (21555,855820562),
  (72320,829817770),
  (12379,514461989),
  (78904,803992693),
  (45008,215396522);
INSERT INTO `myTable` (`ID_OF_STAND`,`VISITOR_ID`)
VALUES
  (39207,273480801),
  (62775,438692164),
  (35078,459317330),
  (36844,831735798),
  (67886,104199638),
  (54138,261225794),
  (49611,210467342),
  (83170,655073105),
  (17682,542858238),
  (66585,150385921);
INSERT INTO `myTable` (`ID_OF_STAND`,`VISITOR_ID`)
VALUES
  (59270,845662510),
  (20436,783432977),
  (20592,523110601),
  (27972,155190664),
  (52320,681219177),
  (27812,363819596),
  (92218,540408085),
  (29708,475283440),
  (87186,257951492),
  (35449,293675267);
INSERT INTO `myTable` (`ID_OF_STAND`,`VISITOR_ID`)
VALUES
  (75165,442846494),
  (32898,897727987),
  (21686,504545107),
  (14494,142580868),
  (73152,936695395),
  (86631,331397439),
  (68305,863982523),
  (41583,297514087),
  (72245,503092775),
  (98091,399601015);
INSERT INTO `myTable` (`ID_OF_STAND`,`VISITOR_ID`)
VALUES
  (23139,681264608),
  (79435,186404410),
  (62478,819713309),
  (84427,445465569),
  (89858,840494107),
  (31784,476280184),
  (53862,299854954),
  (58327,405299534),
  (29298,590426781),
  (99850,262114146);
INSERT INTO `myTable` (`ID_OF_STAND`,`VISITOR_ID`)
VALUES
  (40038,878134868),
  (16886,263707648),
  (20041,123835633),
  (62908,349228054),
  (32522,912758778),
  (95464,733407158),
  (91473,842605680),
  (64728,267956646),
  (17243,239978814),
  (60360,733879601);
INSERT INTO `myTable` (`ID_OF_STAND`,`VISITOR_ID`)
VALUES
  (92947,634277344),
  (14469,223139220),
  (20800,864833605),
  (72205,361347487),
  (48978,804855231),
  (92920,218956293),
  (62158,509130189),
  (33855,649384498),
  (44346,741649122),
  (13955,513916540);
INSERT INTO `myTable` (`ID_OF_STAND`,`VISITOR_ID`)
VALUES
  (85005,743327090),
  (57671,162382295),
  (55637,893585550),
  (13857,615668467),
  (45000,732044128),
  (51268,895515635),
  (52099,366393444),
  (54764,546330125),
  (15842,710546170),
  (27608,723372431);
INSERT INTO `myTable` (`ID_OF_STAND`,`VISITOR_ID`)
VALUES
  (32678,744711666),
  (55578,934082122),
  (91863,107782915),
  (19087,965031389),
  (89211,345460354),
  (45470,101842155),
  (80709,597722320),
  (93581,763724085),
  (32925,379761985),
  (11551,171134905);
INSERT INTO `myTable` (`ID_OF_STAND`,`VISITOR_ID`)
VALUES
  (48214,314002757),
  (33628,291747076),
  (88611,781910031),
  (70923,791617535),
  (56670,827270197),
  (69434,527023888),
  (48641,726284609),
  (70223,817350023),
  (93597,999865874),
  (37899,724501621);
INSERT INTO `myTable` (`ID_OF_STAND`,`VISITOR_ID`)
VALUES
  (18577,465865085),
  (47462,159571548),
  (15200,554609818),
  (50262,471162002),
  (73211,231269454),
  (74415,543974248),
  (86170,902933887),
  (49781,381359195),
  (86187,287436922),
  (42082,190533509);
INSERT INTO `myTable` (`ID_OF_STAND`,`VISITOR_ID`)
VALUES
  (98361,349385962),
  (71583,320357937),
  (40204,601301313),
  (89092,631253656),
  (25870,140172270),
  (56073,722619378),
  (21811,215916564),
  (27162,682081489),
  (63251,973755312),
  (31828,699164126);
INSERT INTO `myTable` (`ID_OF_STAND`,`VISITOR_ID`)
VALUES
  (49285,388290809),
  (93112,666586733),
  (92213,635795692),
  (27145,523878590),
  (54473,915172122),
  (49214,455112771),
  (31944,752601718),
  (25209,752650457),
  (33070,239940487),
  (39243,282186287);
INSERT INTO `myTable` (`ID_OF_STAND`,`VISITOR_ID`)
VALUES
  (74045,808693404),
  (89979,498229756),
  (57863,567965595),
  (37428,538353603),
  (84873,249135382),
  (44285,246810215),
  (52722,479247642),
  (82422,761057566),
  (20352,712380939),
  (88575,478919970);
INSERT INTO `myTable` (`ID_OF_STAND`,`VISITOR_ID`)
VALUES
  (76504,415185475),
  (26474,892672434),
  (14481,596165149),
  (37755,285255881),
  (34084,587928900),
  (68305,868654472),
  (15032,381576534),
  (88052,539922291),
  (40450,984993234),
  (67431,529824116);
INSERT INTO `myTable` (`ID_OF_STAND`,`VISITOR_ID`)
VALUES
  (49767,877914732),
  (22757,771582143),
  (87341,315072601),
  (35751,537532345),
  (17515,442424110),
  (66028,535132357),
  (72916,928375377),
  (63410,918120696),
  (61415,645054685),
  (29046,752147158);
INSERT INTO `myTable` (`ID_OF_STAND`,`VISITOR_ID`)
VALUES
  (22563,439433441),
  (38863,315782542),
  (36032,432757442),
  (98819,471353747),
  (22844,392833293),
  (12987,810415304),
  (34389,426935511),
  (50385,478968160),
  (13400,981763938),
  (55545,648976720);
INSERT INTO `myTable` (`ID_OF_STAND`,`VISITOR_ID`)
VALUES
  (20864,925854988),
  (92753,374699113),
  (52102,356312799),
  (15822,212437159),
  (57371,575992227),
  (18764,261834588),
  (38695,828273787),
  (54891,495877286),
  (82709,380352098),
  (93656,994336929);
INSERT INTO `myTable` (`ID_OF_STAND`,`VISITOR_ID`)
VALUES
  (30326,939117090),
  (43164,111091546),
  (34175,563636218),
  (33037,227005268),
  (73237,379950392),
  (43339,693268877),
  (34798,537554289),
  (68507,877299132),
  (82363,667525353),
  (24740,546057256);
INSERT INTO `myTable` (`ID_OF_STAND`,`VISITOR_ID`)
VALUES
  (81051,251904829),
  (49752,222242048),
  (50429,144529536),
  (41561,728888846),
  (76999,529448534),
  (92775,202924465),
  (66045,541851770),
  (62581,403748234),
  (32523,765733468),
  (64060,307796539);
INSERT INTO `myTable` (`ID_OF_STAND`,`VISITOR_ID`)
VALUES
  (98120,709816143),
  (47518,382273272),
  (84598,457290613),
  (92983,311875598),
  (62492,293822712),
  (87349,974608822),
  (82111,657537555),
  (79841,585009781),
  (99850,424526172),
  (83107,873964426);
INSERT INTO `myTable` (`ID_OF_STAND`,`VISITOR_ID`)
VALUES
  (60795,140798253),
  (23714,956684670),
  (48930,150779321),
  (92958,668777148),
  (14477,131346939),
  (22663,133907214),
  (94413,573504723),
  (82343,310201871),
  (57722,272244119),
  (20293,355859501);
INSERT INTO `myTable` (`ID_OF_STAND`,`VISITOR_ID`)
VALUES
  (26769,367668492),
  (70522,887749015),
  (55376,109435302),
  (66926,726589674),
  (91670,600338392),
  (42917,750769719),
  (93870,282249922),
  (61008,791392416),
  (42091,388082638),
  (85717,730372248);
INSERT INTO `myTable` (`ID_OF_STAND`,`VISITOR_ID`)
VALUES
  (83609,321341506),
  (68209,604964694),
  (22536,639252994),
  (79973,461185646),
  (54420,696596744),
  (29107,545262025),
  (76611,690343088),
  (60836,320696346),
  (28744,172299708),
  (83030,482315712);
INSERT INTO `myTable` (`ID_OF_STAND`,`VISITOR_ID`)
VALUES
  (95051,986563675),
  (87944,883987699),
  (91115,780039867),
  (57377,582153657),
  (79309,545092115),
  (27813,106298181),
  (64018,177273428),
  (86222,310675176),
  (87504,523534792),
  (36268,107640239);
INSERT INTO `myTable` (`ID_OF_STAND`,`VISITOR_ID`)
VALUES
  (30639,824661632),
  (69295,185219949),
  (54982,429557789),
  (16309,112522516),
  (84452,132188316),
  (49626,636676536),
  (29364,854187872),
  (57358,559975438),
  (73859,107397233),
  (92375,631145029);
INSERT INTO `myTable` (`ID_OF_STAND`,`VISITOR_ID`)
VALUES
  (66788,428487072),
  (81221,244165488),
  (87241,762391290),
  (58250,227267606),
  (20708,730504462),
  (66555,774218368),
  (55936,678614561),
  (64992,616127037),
  (12525,569170398),
  (93051,477087152);
INSERT INTO `myTable` (`ID_OF_STAND`,`VISITOR_ID`)
VALUES
  (27535,101577392),
  (13269,768893008),
  (95221,156123643),
  (88445,951956929),
  (45790,655620781),
  (25715,996610792),
  (40381,879547191),
  (13920,629775467),
  (49542,350710221),
  (33600,606678142);
INSERT INTO `myTable` (`ID_OF_STAND`,`VISITOR_ID`)
VALUES
  (50573,744544404),
  (35501,319744882),
  (45437,566720018),
  (71508,107668560),
  (87139,469425013),
  (49571,560652618),
  (94196,680408120),
  (76975,400704309),
  (91801,272498607),
  (26169,660542471);
INSERT INTO `myTable` (`ID_OF_STAND`,`VISITOR_ID`)
VALUES
  (14898,595717300),
  (87266,524725671),
  (33728,826301104),
  (87241,734998138),
  (72382,881744071),
  (14784,950863339),
  (63202,745269625),
  (91887,499185784),
  (90778,808983841),
  (24296,186216387);
INSERT INTO `myTable` (`ID_OF_STAND`,`VISITOR_ID`)
VALUES
  (15059,411879143),
  (51526,923343835),
  (16182,592384209),
  (79731,998474113),
  (71702,241142395),
  (77175,345150559),
  (95379,351163333),
  (51442,722143478),
  (32869,387342222),
  (36797,131897053);
INSERT INTO `myTable` (`ID_OF_STAND`,`VISITOR_ID`)
VALUES
  (73152,653462688),
  (38494,797327677),
  (43119,174149020),
  (79849,574846303),
  (84211,930768614),
  (42544,173040375),
  (51155,885160334),
  (38943,456621136),
  (33884,495368481),
  (30810,475029911);
INSERT INTO `myTable` (`ID_OF_STAND`,`VISITOR_ID`)
VALUES
  (26389,466971165),
  (83147,621748680),
  (77913,797214116),
  (71505,825917730),
  (84407,499245462),
  (81907,703768048),
  (47821,664055506),
  (69318,556653974),
  (82671,228157172),
  (74179,126405016);
INSERT INTO `myTable` (`ID_OF_STAND`,`VISITOR_ID`)
VALUES
  (97661,542003317),
  (43124,531701685),
  (76555,493074153),
  (56310,146084951),
  (94388,585154796),
  (10931,851032832),
  (73895,288049280),
  (41886,245908659),
  (33195,761907475),
  (30651,971019422);
INSERT INTO `myTable` (`ID_OF_STAND`,`VISITOR_ID`)
VALUES
  (44980,368196101),
  (36560,439291544),
  (34774,824989284),
  (40735,562886094),
  (48335,870763553),
  (98030,816451170),
  (66454,366055621),
  (75411,345718423),
  (14613,498140800),
  (89861,786606488);
INSERT INTO `myTable` (`ID_OF_STAND`,`VISITOR_ID`)
VALUES
  (65829,376094158),
  (85822,891149785),
  (60828,214751158),
  (71470,406499119),
  (81352,284563088),
  (42043,361281613),
  (72862,733015843),
  (33480,888926729),
  (88500,712050009),
  (96095,407839816);
INSERT INTO `myTable` (`ID_OF_STAND`,`VISITOR_ID`)
VALUES
  (82855,115220207),
  (31238,892826850),
  (87363,153314719),
  (29140,271810726),
  (65591,591040603),
  (29092,588571690),
  (51149,136525674),
  (42906,990648066),
  (46993,182122643),
  (95353,275601309);
INSERT INTO `myTable` (`ID_OF_STAND`,`VISITOR_ID`)
VALUES
  (95421,108203993),
  (91265,413531108),
  (21127,576109991),
  (93272,511039317),
  (16516,251462337),
  (23731,765020325),
  (11989,533799068),
  (84760,764316876),
  (62353,344272147),
  (19138,979755935);
INSERT INTO `myTable` (`ID_OF_STAND`,`VISITOR_ID`)
VALUES
  (87460,427256588),
  (28756,570908240),
  (48867,377020440),
  (30639,344015595),
  (62864,589391387),
  (33556,376253208),
  (87093,962549642),
  (10220,642362450),
  (92412,329400560),
  (35952,458400784);
INSERT INTO `myTable` (`ID_OF_STAND`,`VISITOR_ID`)
VALUES
  (73960,929442478),
  (92630,617867567),
  (93550,318734279),
  (91071,341182476),
  (77647,261431932),
  (17187,803053008),
  (79436,159735807),
  (11220,862975038),
  (51717,873879576),
  (71481,551647943);
INSERT INTO `myTable` (`ID_OF_STAND`,`VISITOR_ID`)
VALUES
  (12543,549915131),
  (60487,345267705),
  (29885,942104364),
  (60588,717982438),
  (55941,655793372),
  (63125,311236535),
  (60970,103650989),
  (68193,727699682),
  (19428,519026252),
  (58960,136519666);
INSERT INTO `myTable` (`ID_OF_STAND`,`VISITOR_ID`)
VALUES
  (25085,878917465),
  (69228,309070715),
  (70809,100603346),
  (15863,465330007),
  (96209,184114023),
  (81620,884584654),
  (18785,482267427),
  (65332,176219571),
  (30964,213004798),
  (28064,923834058);
INSERT INTO `myTable` (`ID_OF_STAND`,`VISITOR_ID`)
VALUES
  (37457,452021774),
  (31145,370809564),
  (77204,740281085),
  (60456,882917488),
  (53617,180981867),
  (33530,108327330),
  (48255,224132022),
  (93816,681312413),
  (91299,620038573),
  (96984,554947055);
INSERT INTO `myTable` (`ID_OF_STAND`,`VISITOR_ID`)
VALUES
  (73991,237126333),
  (47899,790634760),
  (57331,272772289),
  (99105,308754178),
  (12480,377838600),
  (54606,707650548),
  (15372,961648309),
  (72027,244879672),
  (93593,994688499),
  (86119,218088761);
INSERT INTO `myTable` (`ID_OF_STAND`,`VISITOR_ID`)
VALUES
  (40992,653573476),
  (35471,336076084),
  (82541,952431934),
  (29447,991114830),
  (51904,995790911),
  (14114,899765106),
  (78284,646110278),
  (52390,883488084),
  (18958,791720248),
  (37897,708506874);
INSERT INTO `myTable` (`ID_OF_STAND`,`VISITOR_ID`)
VALUES
  (77221,415440901),
  (48698,924876567),
  (89022,937704503),
  (89566,513672748),
  (61708,894129457),
  (16776,840324033),
  (16578,902935913),
  (42414,441396697),
  (26591,900389803),
  (51656,152023440);


